"Year","sst_raw","sst_anomaly","Stock.ID"
1950,10.4996659415109,-1.36446262075723,1
1951,11.1057878562382,-0.75834070602989,1
1952,11.2297064917428,-0.634422070525306,1
1953,11.7735470363072,-0.0905815259609127,1
1954,11.2220627239772,-0.642065838290889,1
1955,10.8908667564392,-0.97326180582891,1
1956,11.8710631643023,0.00693460203416039,1
1957,12.3478749820164,0.483746419748309,1
1958,13.2306014469692,1.36647288470105,1
1959,11.9623036384583,0.0981750761901417,1
1960,11.8328381947109,-0.031290367557236,1
1961,12.305883373533,0.441754811264858,1
1962,11.8123912811279,-0.0517372811401919,1
1963,12.5906221185412,0.726493556273054,1
1964,11.2862903390612,-0.57783822320692,1
1965,10.9103071689606,-0.953821393307551,1
1966,11.7131859234401,-0.150942638828004,1
1967,11.7375418458666,-0.126586716401494,1
1968,11.540483048984,-0.323645513284136,1
1969,11.3890583515167,-0.475070210751391,1
1970,11.3427294322423,-0.521399130025863,1
1971,10.7318995850427,-1.13222897722544,1
1972,11.3774076529912,-0.486720909276953,1
1973,11.5920849187034,-0.272043643564762,1
1974,11.3970979281834,-0.467030634084704,1
1975,11.243363073894,-0.620765488374157,1
1976,11.1267367090498,-0.737391853218353,1
1977,11.6366580554417,-0.227470506826404,1
1978,12.2922778470176,0.428149284749441,1
1979,11.8755671977997,0.0114386355315616,1
1980,12.0313426428571,0.167214080589027,1
1981,11.8230538571429,-0.0410747051252587,1
1982,11.3160545357143,-0.54807402655383,1
1983,12.8505604642857,0.986431902017598,1
1984,11.4281222857143,-0.43600627655383,1
1985,11.7059587142857,-0.158169847982402,1
1986,11.84208275,-0.0220458122681159,1
1987,12.0379391785714,0.173810616303313,1
1988,11.8831460714286,0.0190175091604555,1
1989,12.4161192142857,0.551990652017598,1
1990,12.3466597857143,0.48253122344617,1
1991,11.7161759285714,-0.147952633696687,1
1992,13.0729775,1.20884893773188,1
1993,12.8549059285714,0.990777366303313,1
1994,12.5036284642857,0.639499902017598,1
1995,12.9392279642857,1.0750994020176,1
1996,11.9836235357143,0.11949497344617,1
1997,12.94241625,1.07828768773188,1
1998,12.976925,1.11279643773188,1
1999,11.2508993571429,-0.613229205125259,1
2000,12.3161043928571,0.451975830589027,1
2001,11.5436234642857,-0.320505097982402,1
2002,11.5603755357143,-0.30375302655383,1
2003,12.6575794285714,0.793450866303312,1
2004,13.1624466785714,1.29831811630331,1
2005,12.9803523928571,1.11622383058903,1
2006,12.0542476071429,0.190119044874741,1
2007,11.8347709285714,-0.0293576336966872,1
2008,10.6401407857143,-1.22398777655383,1
2009,11.2575493214286,-0.606579240839544,1
2010,11.91492825,0.0507996877318842,1
2011,11.8753702142857,0.0112416520175984,1
2012,11.7948766071429,-0.0692519551252588,1
2013,12.22693925,0.362810687731884,1
2014,12.3743191785714,0.510190616303313,1
2015,13.3534503571429,1.48932179487474,1
2016,13.3844782142857,1.5203496520176,1
1950,10.4996659415109,-1.36446262075723,4
1951,11.1057878562382,-0.75834070602989,4
1952,11.2297064917428,-0.634422070525306,4
1953,11.7735470363072,-0.0905815259609127,4
1954,11.2220627239772,-0.642065838290889,4
1955,10.8908667564392,-0.97326180582891,4
1956,11.8710631643023,0.00693460203416039,4
1957,12.3478749820164,0.483746419748309,4
1958,13.2306014469692,1.36647288470105,4
1959,11.9623036384583,0.0981750761901417,4
1960,11.8328381947109,-0.031290367557236,4
1961,12.305883373533,0.441754811264858,4
1962,11.8123912811279,-0.0517372811401919,4
1963,12.5906221185412,0.726493556273054,4
1964,11.2862903390612,-0.57783822320692,4
1965,10.9103071689606,-0.953821393307551,4
1966,11.7131859234401,-0.150942638828004,4
1967,11.7375418458666,-0.126586716401494,4
1968,11.540483048984,-0.323645513284136,4
1969,11.3890583515167,-0.475070210751391,4
1970,11.3427294322423,-0.521399130025863,4
1971,10.7318995850427,-1.13222897722544,4
1972,11.3774076529912,-0.486720909276953,4
1973,11.5920849187034,-0.272043643564762,4
1974,11.3970979281834,-0.467030634084704,4
1975,11.243363073894,-0.620765488374157,4
1976,11.1267367090498,-0.737391853218353,4
1977,11.6366580554417,-0.227470506826404,4
1978,12.2922778470176,0.428149284749441,4
1979,11.8755671977997,0.0114386355315616,4
1980,12.0313426428571,0.167214080589027,4
1981,11.8230538571429,-0.0410747051252587,4
1982,11.3160545357143,-0.54807402655383,4
1983,12.8505604642857,0.986431902017598,4
1984,11.4281222857143,-0.43600627655383,4
1985,11.7059587142857,-0.158169847982402,4
1986,11.84208275,-0.0220458122681159,4
1987,12.0379391785714,0.173810616303313,4
1988,11.8831460714286,0.0190175091604555,4
1989,12.4161192142857,0.551990652017598,4
1990,12.3466597857143,0.48253122344617,4
1991,11.7161759285714,-0.147952633696687,4
1992,13.0729775,1.20884893773188,4
1993,12.8549059285714,0.990777366303313,4
1994,12.5036284642857,0.639499902017598,4
1995,12.9392279642857,1.0750994020176,4
1996,11.9836235357143,0.11949497344617,4
1997,12.94241625,1.07828768773188,4
1998,12.976925,1.11279643773188,4
1999,11.2508993571429,-0.613229205125259,4
2000,12.3161043928571,0.451975830589027,4
2001,11.5436234642857,-0.320505097982402,4
2002,11.5603755357143,-0.30375302655383,4
2003,12.6575794285714,0.793450866303312,4
2004,13.1624466785714,1.29831811630331,4
2005,12.9803523928571,1.11622383058903,4
2006,12.0542476071429,0.190119044874741,4
2007,11.8347709285714,-0.0293576336966872,4
2008,10.6401407857143,-1.22398777655383,4
2009,11.2575493214286,-0.606579240839544,4
2010,11.91492825,0.0507996877318842,4
2011,11.8753702142857,0.0112416520175984,4
2012,11.7948766071429,-0.0692519551252588,4
2013,12.22693925,0.362810687731884,4
2014,12.3743191785714,0.510190616303313,4
2015,13.3534503571429,1.48932179487474,4
2016,13.3844782142857,1.5203496520176,4
1950,10.4996659415109,-1.36446262075723,14
1951,11.1057878562382,-0.75834070602989,14
1952,11.2297064917428,-0.634422070525306,14
1953,11.7735470363072,-0.0905815259609127,14
1954,11.2220627239772,-0.642065838290889,14
1955,10.8908667564392,-0.97326180582891,14
1956,11.8710631643023,0.00693460203416039,14
1957,12.3478749820164,0.483746419748309,14
1958,13.2306014469692,1.36647288470105,14
1959,11.9623036384583,0.0981750761901417,14
1960,11.8328381947109,-0.031290367557236,14
1961,12.305883373533,0.441754811264858,14
1962,11.8123912811279,-0.0517372811401919,14
1963,12.5906221185412,0.726493556273054,14
1964,11.2862903390612,-0.57783822320692,14
1965,10.9103071689606,-0.953821393307551,14
1966,11.7131859234401,-0.150942638828004,14
1967,11.7375418458666,-0.126586716401494,14
1968,11.540483048984,-0.323645513284136,14
1969,11.3890583515167,-0.475070210751391,14
1970,11.3427294322423,-0.521399130025863,14
1971,10.7318995850427,-1.13222897722544,14
1972,11.3774076529912,-0.486720909276953,14
1973,11.5920849187034,-0.272043643564762,14
1974,11.3970979281834,-0.467030634084704,14
1975,11.243363073894,-0.620765488374157,14
1976,11.1267367090498,-0.737391853218353,14
1977,11.6366580554417,-0.227470506826404,14
1978,12.2922778470176,0.428149284749441,14
1979,11.8755671977997,0.0114386355315616,14
1980,12.0313426428571,0.167214080589027,14
1981,11.8230538571429,-0.0410747051252587,14
1982,11.3160545357143,-0.54807402655383,14
1983,12.8505604642857,0.986431902017598,14
1984,11.4281222857143,-0.43600627655383,14
1985,11.7059587142857,-0.158169847982402,14
1986,11.84208275,-0.0220458122681159,14
1987,12.0379391785714,0.173810616303313,14
1988,11.8831460714286,0.0190175091604555,14
1989,12.4161192142857,0.551990652017598,14
1990,12.3466597857143,0.48253122344617,14
1991,11.7161759285714,-0.147952633696687,14
1992,13.0729775,1.20884893773188,14
1993,12.8549059285714,0.990777366303313,14
1994,12.5036284642857,0.639499902017598,14
1995,12.9392279642857,1.0750994020176,14
1996,11.9836235357143,0.11949497344617,14
1997,12.94241625,1.07828768773188,14
1998,12.976925,1.11279643773188,14
1999,11.2508993571429,-0.613229205125259,14
2000,12.3161043928571,0.451975830589027,14
2001,11.5436234642857,-0.320505097982402,14
2002,11.5603755357143,-0.30375302655383,14
2003,12.6575794285714,0.793450866303312,14
2004,13.1624466785714,1.29831811630331,14
2005,12.9803523928571,1.11622383058903,14
2006,12.0542476071429,0.190119044874741,14
2007,11.8347709285714,-0.0293576336966872,14
2008,10.6401407857143,-1.22398777655383,14
2009,11.2575493214286,-0.606579240839544,14
2010,11.91492825,0.0507996877318842,14
2011,11.8753702142857,0.0112416520175984,14
2012,11.7948766071429,-0.0692519551252588,14
2013,12.22693925,0.362810687731884,14
2014,12.3743191785714,0.510190616303313,14
2015,13.3534503571429,1.48932179487474,14
2016,13.3844782142857,1.5203496520176,14
1950,10.4996659415109,-1.36446262075723,16
1951,11.1057878562382,-0.75834070602989,16
1952,11.2297064917428,-0.634422070525306,16
1953,11.7735470363072,-0.0905815259609127,16
1954,11.2220627239772,-0.642065838290889,16
1955,10.8908667564392,-0.97326180582891,16
1956,11.8710631643023,0.00693460203416039,16
1957,12.3478749820164,0.483746419748309,16
1958,13.2306014469692,1.36647288470105,16
1959,11.9623036384583,0.0981750761901417,16
1960,11.8328381947109,-0.031290367557236,16
1961,12.305883373533,0.441754811264858,16
1962,11.8123912811279,-0.0517372811401919,16
1963,12.5906221185412,0.726493556273054,16
1964,11.2862903390612,-0.57783822320692,16
1965,10.9103071689606,-0.953821393307551,16
1966,11.7131859234401,-0.150942638828004,16
1967,11.7375418458666,-0.126586716401494,16
1968,11.540483048984,-0.323645513284136,16
1969,11.3890583515167,-0.475070210751391,16
1970,11.3427294322423,-0.521399130025863,16
1971,10.7318995850427,-1.13222897722544,16
1972,11.3774076529912,-0.486720909276953,16
1973,11.5920849187034,-0.272043643564762,16
1974,11.3970979281834,-0.467030634084704,16
1975,11.243363073894,-0.620765488374157,16
1976,11.1267367090498,-0.737391853218353,16
1977,11.6366580554417,-0.227470506826404,16
1978,12.2922778470176,0.428149284749441,16
1979,11.8755671977997,0.0114386355315616,16
1980,12.0313426428571,0.167214080589027,16
1981,11.8230538571429,-0.0410747051252587,16
1982,11.3160545357143,-0.54807402655383,16
1983,12.8505604642857,0.986431902017598,16
1984,11.4281222857143,-0.43600627655383,16
1985,11.7059587142857,-0.158169847982402,16
1986,11.84208275,-0.0220458122681159,16
1987,12.0379391785714,0.173810616303313,16
1988,11.8831460714286,0.0190175091604555,16
1989,12.4161192142857,0.551990652017598,16
1990,12.3466597857143,0.48253122344617,16
1991,11.7161759285714,-0.147952633696687,16
1992,13.0729775,1.20884893773188,16
1993,12.8549059285714,0.990777366303313,16
1994,12.5036284642857,0.639499902017598,16
1995,12.9392279642857,1.0750994020176,16
1996,11.9836235357143,0.11949497344617,16
1997,12.94241625,1.07828768773188,16
1998,12.976925,1.11279643773188,16
1999,11.2508993571429,-0.613229205125259,16
2000,12.3161043928571,0.451975830589027,16
2001,11.5436234642857,-0.320505097982402,16
2002,11.5603755357143,-0.30375302655383,16
2003,12.6575794285714,0.793450866303312,16
2004,13.1624466785714,1.29831811630331,16
2005,12.9803523928571,1.11622383058903,16
2006,12.0542476071429,0.190119044874741,16
2007,11.8347709285714,-0.0293576336966872,16
2008,10.6401407857143,-1.22398777655383,16
2009,11.2575493214286,-0.606579240839544,16
2010,11.91492825,0.0507996877318842,16
2011,11.8753702142857,0.0112416520175984,16
2012,11.7948766071429,-0.0692519551252588,16
2013,12.22693925,0.362810687731884,16
2014,12.3743191785714,0.510190616303313,16
2015,13.3534503571429,1.48932179487474,16
2016,13.3844782142857,1.5203496520176,16
1950,10.4996659415109,-1.36446262075723,17
1951,11.1057878562382,-0.75834070602989,17
1952,11.2297064917428,-0.634422070525306,17
1953,11.7735470363072,-0.0905815259609127,17
1954,11.2220627239772,-0.642065838290889,17
1955,10.8908667564392,-0.97326180582891,17
1956,11.8710631643023,0.00693460203416039,17
1957,12.3478749820164,0.483746419748309,17
1958,13.2306014469692,1.36647288470105,17
1959,11.9623036384583,0.0981750761901417,17
1960,11.8328381947109,-0.031290367557236,17
1961,12.305883373533,0.441754811264858,17
1962,11.8123912811279,-0.0517372811401919,17
1963,12.5906221185412,0.726493556273054,17
1964,11.2862903390612,-0.57783822320692,17
1965,10.9103071689606,-0.953821393307551,17
1966,11.7131859234401,-0.150942638828004,17
1967,11.7375418458666,-0.126586716401494,17
1968,11.540483048984,-0.323645513284136,17
1969,11.3890583515167,-0.475070210751391,17
1970,11.3427294322423,-0.521399130025863,17
1971,10.7318995850427,-1.13222897722544,17
1972,11.3774076529912,-0.486720909276953,17
1973,11.5920849187034,-0.272043643564762,17
1974,11.3970979281834,-0.467030634084704,17
1975,11.243363073894,-0.620765488374157,17
1976,11.1267367090498,-0.737391853218353,17
1977,11.6366580554417,-0.227470506826404,17
1978,12.2922778470176,0.428149284749441,17
1979,11.8755671977997,0.0114386355315616,17
1980,12.0313426428571,0.167214080589027,17
1981,11.8230538571429,-0.0410747051252587,17
1982,11.3160545357143,-0.54807402655383,17
1983,12.8505604642857,0.986431902017598,17
1984,11.4281222857143,-0.43600627655383,17
1985,11.7059587142857,-0.158169847982402,17
1986,11.84208275,-0.0220458122681159,17
1987,12.0379391785714,0.173810616303313,17
1988,11.8831460714286,0.0190175091604555,17
1989,12.4161192142857,0.551990652017598,17
1990,12.3466597857143,0.48253122344617,17
1991,11.7161759285714,-0.147952633696687,17
1992,13.0729775,1.20884893773188,17
1993,12.8549059285714,0.990777366303313,17
1994,12.5036284642857,0.639499902017598,17
1995,12.9392279642857,1.0750994020176,17
1996,11.9836235357143,0.11949497344617,17
1997,12.94241625,1.07828768773188,17
1998,12.976925,1.11279643773188,17
1999,11.2508993571429,-0.613229205125259,17
2000,12.3161043928571,0.451975830589027,17
2001,11.5436234642857,-0.320505097982402,17
2002,11.5603755357143,-0.30375302655383,17
2003,12.6575794285714,0.793450866303312,17
2004,13.1624466785714,1.29831811630331,17
2005,12.9803523928571,1.11622383058903,17
2006,12.0542476071429,0.190119044874741,17
2007,11.8347709285714,-0.0293576336966872,17
2008,10.6401407857143,-1.22398777655383,17
2009,11.2575493214286,-0.606579240839544,17
2010,11.91492825,0.0507996877318842,17
2011,11.8753702142857,0.0112416520175984,17
2012,11.7948766071429,-0.0692519551252588,17
2013,12.22693925,0.362810687731884,17
2014,12.3743191785714,0.510190616303313,17
2015,13.3534503571429,1.48932179487474,17
2016,13.3844782142857,1.5203496520176,17
1950,10.4996659415109,-1.36446262075723,18
1951,11.1057878562382,-0.75834070602989,18
1952,11.2297064917428,-0.634422070525306,18
1953,11.7735470363072,-0.0905815259609127,18
1954,11.2220627239772,-0.642065838290889,18
1955,10.8908667564392,-0.97326180582891,18
1956,11.8710631643023,0.00693460203416039,18
1957,12.3478749820164,0.483746419748309,18
1958,13.2306014469692,1.36647288470105,18
1959,11.9623036384583,0.0981750761901417,18
1960,11.8328381947109,-0.031290367557236,18
1961,12.305883373533,0.441754811264858,18
1962,11.8123912811279,-0.0517372811401919,18
1963,12.5906221185412,0.726493556273054,18
1964,11.2862903390612,-0.57783822320692,18
1965,10.9103071689606,-0.953821393307551,18
1966,11.7131859234401,-0.150942638828004,18
1967,11.7375418458666,-0.126586716401494,18
1968,11.540483048984,-0.323645513284136,18
1969,11.3890583515167,-0.475070210751391,18
1970,11.3427294322423,-0.521399130025863,18
1971,10.7318995850427,-1.13222897722544,18
1972,11.3774076529912,-0.486720909276953,18
1973,11.5920849187034,-0.272043643564762,18
1974,11.3970979281834,-0.467030634084704,18
1975,11.243363073894,-0.620765488374157,18
1976,11.1267367090498,-0.737391853218353,18
1977,11.6366580554417,-0.227470506826404,18
1978,12.2922778470176,0.428149284749441,18
1979,11.8755671977997,0.0114386355315616,18
1980,12.0313426428571,0.167214080589027,18
1981,11.8230538571429,-0.0410747051252587,18
1982,11.3160545357143,-0.54807402655383,18
1983,12.8505604642857,0.986431902017598,18
1984,11.4281222857143,-0.43600627655383,18
1985,11.7059587142857,-0.158169847982402,18
1986,11.84208275,-0.0220458122681159,18
1987,12.0379391785714,0.173810616303313,18
1988,11.8831460714286,0.0190175091604555,18
1989,12.4161192142857,0.551990652017598,18
1990,12.3466597857143,0.48253122344617,18
1991,11.7161759285714,-0.147952633696687,18
1992,13.0729775,1.20884893773188,18
1993,12.8549059285714,0.990777366303313,18
1994,12.5036284642857,0.639499902017598,18
1995,12.9392279642857,1.0750994020176,18
1996,11.9836235357143,0.11949497344617,18
1997,12.94241625,1.07828768773188,18
1998,12.976925,1.11279643773188,18
1999,11.2508993571429,-0.613229205125259,18
2000,12.3161043928571,0.451975830589027,18
2001,11.5436234642857,-0.320505097982402,18
2002,11.5603755357143,-0.30375302655383,18
2003,12.6575794285714,0.793450866303312,18
2004,13.1624466785714,1.29831811630331,18
2005,12.9803523928571,1.11622383058903,18
2006,12.0542476071429,0.190119044874741,18
2007,11.8347709285714,-0.0293576336966872,18
2008,10.6401407857143,-1.22398777655383,18
2009,11.2575493214286,-0.606579240839544,18
2010,11.91492825,0.0507996877318842,18
2011,11.8753702142857,0.0112416520175984,18
2012,11.7948766071429,-0.0692519551252588,18
2013,12.22693925,0.362810687731884,18
2014,12.3743191785714,0.510190616303313,18
2015,13.3534503571429,1.48932179487474,18
2016,13.3844782142857,1.5203496520176,18
1950,10.4996659415109,-1.36446262075723,5
1951,11.1057878562382,-0.75834070602989,5
1952,11.2297064917428,-0.634422070525306,5
1953,11.7735470363072,-0.0905815259609127,5
1954,11.2220627239772,-0.642065838290889,5
1955,10.8908667564392,-0.97326180582891,5
1956,11.8710631643023,0.00693460203416039,5
1957,12.3478749820164,0.483746419748309,5
1958,13.2306014469692,1.36647288470105,5
1959,11.9623036384583,0.0981750761901417,5
1960,11.8328381947109,-0.031290367557236,5
1961,12.305883373533,0.441754811264858,5
1962,11.8123912811279,-0.0517372811401919,5
1963,12.5906221185412,0.726493556273054,5
1964,11.2862903390612,-0.57783822320692,5
1965,10.9103071689606,-0.953821393307551,5
1966,11.7131859234401,-0.150942638828004,5
1967,11.7375418458666,-0.126586716401494,5
1968,11.540483048984,-0.323645513284136,5
1969,11.3890583515167,-0.475070210751391,5
1970,11.3427294322423,-0.521399130025863,5
1971,10.7318995850427,-1.13222897722544,5
1972,11.3774076529912,-0.486720909276953,5
1973,11.5920849187034,-0.272043643564762,5
1974,11.3970979281834,-0.467030634084704,5
1975,11.243363073894,-0.620765488374157,5
1976,11.1267367090498,-0.737391853218353,5
1977,11.6366580554417,-0.227470506826404,5
1978,12.2922778470176,0.428149284749441,5
1979,11.8755671977997,0.0114386355315616,5
1980,12.0313426428571,0.167214080589027,5
1981,11.8230538571429,-0.0410747051252587,5
1982,11.3160545357143,-0.54807402655383,5
1983,12.8505604642857,0.986431902017598,5
1984,11.4281222857143,-0.43600627655383,5
1985,11.7059587142857,-0.158169847982402,5
1986,11.84208275,-0.0220458122681159,5
1987,12.0379391785714,0.173810616303313,5
1988,11.8831460714286,0.0190175091604555,5
1989,12.4161192142857,0.551990652017598,5
1990,12.3466597857143,0.48253122344617,5
1991,11.7161759285714,-0.147952633696687,5
1992,13.0729775,1.20884893773188,5
1993,12.8549059285714,0.990777366303313,5
1994,12.5036284642857,0.639499902017598,5
1995,12.9392279642857,1.0750994020176,5
1996,11.9836235357143,0.11949497344617,5
1997,12.94241625,1.07828768773188,5
1998,12.976925,1.11279643773188,5
1999,11.2508993571429,-0.613229205125259,5
2000,12.3161043928571,0.451975830589027,5
2001,11.5436234642857,-0.320505097982402,5
2002,11.5603755357143,-0.30375302655383,5
2003,12.6575794285714,0.793450866303312,5
2004,13.1624466785714,1.29831811630331,5
2005,12.9803523928571,1.11622383058903,5
2006,12.0542476071429,0.190119044874741,5
2007,11.8347709285714,-0.0293576336966872,5
2008,10.6401407857143,-1.22398777655383,5
2009,11.2575493214286,-0.606579240839544,5
2010,11.91492825,0.0507996877318842,5
2011,11.8753702142857,0.0112416520175984,5
2012,11.7948766071429,-0.0692519551252588,5
2013,12.22693925,0.362810687731884,5
2014,12.3743191785714,0.510190616303313,5
2015,13.3534503571429,1.48932179487474,5
2016,13.3844782142857,1.5203496520176,5
1950,10.4996659415109,-1.36446262075723,15
1951,11.1057878562382,-0.75834070602989,15
1952,11.2297064917428,-0.634422070525306,15
1953,11.7735470363072,-0.0905815259609127,15
1954,11.2220627239772,-0.642065838290889,15
1955,10.8908667564392,-0.97326180582891,15
1956,11.8710631643023,0.00693460203416039,15
1957,12.3478749820164,0.483746419748309,15
1958,13.2306014469692,1.36647288470105,15
1959,11.9623036384583,0.0981750761901417,15
1960,11.8328381947109,-0.031290367557236,15
1961,12.305883373533,0.441754811264858,15
1962,11.8123912811279,-0.0517372811401919,15
1963,12.5906221185412,0.726493556273054,15
1964,11.2862903390612,-0.57783822320692,15
1965,10.9103071689606,-0.953821393307551,15
1966,11.7131859234401,-0.150942638828004,15
1967,11.7375418458666,-0.126586716401494,15
1968,11.540483048984,-0.323645513284136,15
1969,11.3890583515167,-0.475070210751391,15
1970,11.3427294322423,-0.521399130025863,15
1971,10.7318995850427,-1.13222897722544,15
1972,11.3774076529912,-0.486720909276953,15
1973,11.5920849187034,-0.272043643564762,15
1974,11.3970979281834,-0.467030634084704,15
1975,11.243363073894,-0.620765488374157,15
1976,11.1267367090498,-0.737391853218353,15
1977,11.6366580554417,-0.227470506826404,15
1978,12.2922778470176,0.428149284749441,15
1979,11.8755671977997,0.0114386355315616,15
1980,12.0313426428571,0.167214080589027,15
1981,11.8230538571429,-0.0410747051252587,15
1982,11.3160545357143,-0.54807402655383,15
1983,12.8505604642857,0.986431902017598,15
1984,11.4281222857143,-0.43600627655383,15
1985,11.7059587142857,-0.158169847982402,15
1986,11.84208275,-0.0220458122681159,15
1987,12.0379391785714,0.173810616303313,15
1988,11.8831460714286,0.0190175091604555,15
1989,12.4161192142857,0.551990652017598,15
1990,12.3466597857143,0.48253122344617,15
1991,11.7161759285714,-0.147952633696687,15
1992,13.0729775,1.20884893773188,15
1993,12.8549059285714,0.990777366303313,15
1994,12.5036284642857,0.639499902017598,15
1995,12.9392279642857,1.0750994020176,15
1996,11.9836235357143,0.11949497344617,15
1997,12.94241625,1.07828768773188,15
1998,12.976925,1.11279643773188,15
1999,11.2508993571429,-0.613229205125259,15
2000,12.3161043928571,0.451975830589027,15
2001,11.5436234642857,-0.320505097982402,15
2002,11.5603755357143,-0.30375302655383,15
2003,12.6575794285714,0.793450866303312,15
2004,13.1624466785714,1.29831811630331,15
2005,12.9803523928571,1.11622383058903,15
2006,12.0542476071429,0.190119044874741,15
2007,11.8347709285714,-0.0293576336966872,15
2008,10.6401407857143,-1.22398777655383,15
2009,11.2575493214286,-0.606579240839544,15
2010,11.91492825,0.0507996877318842,15
2011,11.8753702142857,0.0112416520175984,15
2012,11.7948766071429,-0.0692519551252588,15
2013,12.22693925,0.362810687731884,15
2014,12.3743191785714,0.510190616303313,15
2015,13.3534503571429,1.48932179487474,15
2016,13.3844782142857,1.5203496520176,15
1950,10.4996659415109,-1.36446262075723,8
1951,11.1057878562382,-0.75834070602989,8
1952,11.2297064917428,-0.634422070525306,8
1953,11.7735470363072,-0.0905815259609127,8
1954,11.2220627239772,-0.642065838290889,8
1955,10.8908667564392,-0.97326180582891,8
1956,11.8710631643023,0.00693460203416039,8
1957,12.3478749820164,0.483746419748309,8
1958,13.2306014469692,1.36647288470105,8
1959,11.9623036384583,0.0981750761901417,8
1960,11.8328381947109,-0.031290367557236,8
1961,12.305883373533,0.441754811264858,8
1962,11.8123912811279,-0.0517372811401919,8
1963,12.5906221185412,0.726493556273054,8
1964,11.2862903390612,-0.57783822320692,8
1965,10.9103071689606,-0.953821393307551,8
1966,11.7131859234401,-0.150942638828004,8
1967,11.7375418458666,-0.126586716401494,8
1968,11.540483048984,-0.323645513284136,8
1969,11.3890583515167,-0.475070210751391,8
1970,11.3427294322423,-0.521399130025863,8
1971,10.7318995850427,-1.13222897722544,8
1972,11.3774076529912,-0.486720909276953,8
1973,11.5920849187034,-0.272043643564762,8
1974,11.3970979281834,-0.467030634084704,8
1975,11.243363073894,-0.620765488374157,8
1976,11.1267367090498,-0.737391853218353,8
1977,11.6366580554417,-0.227470506826404,8
1978,12.2922778470176,0.428149284749441,8
1979,11.8755671977997,0.0114386355315616,8
1980,12.0313426428571,0.167214080589027,8
1981,11.8230538571429,-0.0410747051252587,8
1982,11.3160545357143,-0.54807402655383,8
1983,12.8505604642857,0.986431902017598,8
1984,11.4281222857143,-0.43600627655383,8
1985,11.7059587142857,-0.158169847982402,8
1986,11.84208275,-0.0220458122681159,8
1987,12.0379391785714,0.173810616303313,8
1988,11.8831460714286,0.0190175091604555,8
1989,12.4161192142857,0.551990652017598,8
1990,12.3466597857143,0.48253122344617,8
1991,11.7161759285714,-0.147952633696687,8
1992,13.0729775,1.20884893773188,8
1993,12.8549059285714,0.990777366303313,8
1994,12.5036284642857,0.639499902017598,8
1995,12.9392279642857,1.0750994020176,8
1996,11.9836235357143,0.11949497344617,8
1997,12.94241625,1.07828768773188,8
1998,12.976925,1.11279643773188,8
1999,11.2508993571429,-0.613229205125259,8
2000,12.3161043928571,0.451975830589027,8
2001,11.5436234642857,-0.320505097982402,8
2002,11.5603755357143,-0.30375302655383,8
2003,12.6575794285714,0.793450866303312,8
2004,13.1624466785714,1.29831811630331,8
2005,12.9803523928571,1.11622383058903,8
2006,12.0542476071429,0.190119044874741,8
2007,11.8347709285714,-0.0293576336966872,8
2008,10.6401407857143,-1.22398777655383,8
2009,11.2575493214286,-0.606579240839544,8
2010,11.91492825,0.0507996877318842,8
2011,11.8753702142857,0.0112416520175984,8
2012,11.7948766071429,-0.0692519551252588,8
2013,12.22693925,0.362810687731884,8
2014,12.3743191785714,0.510190616303313,8
2015,13.3534503571429,1.48932179487474,8
2016,13.3844782142857,1.5203496520176,8
1950,10.4996659415109,-1.36446262075723,7
1951,11.1057878562382,-0.75834070602989,7
1952,11.2297064917428,-0.634422070525306,7
1953,11.7735470363072,-0.0905815259609127,7
1954,11.2220627239772,-0.642065838290889,7
1955,10.8908667564392,-0.97326180582891,7
1956,11.8710631643023,0.00693460203416039,7
1957,12.3478749820164,0.483746419748309,7
1958,13.2306014469692,1.36647288470105,7
1959,11.9623036384583,0.0981750761901417,7
1960,11.8328381947109,-0.031290367557236,7
1961,12.305883373533,0.441754811264858,7
1962,11.8123912811279,-0.0517372811401919,7
1963,12.5906221185412,0.726493556273054,7
1964,11.2862903390612,-0.57783822320692,7
1965,10.9103071689606,-0.953821393307551,7
1966,11.7131859234401,-0.150942638828004,7
1967,11.7375418458666,-0.126586716401494,7
1968,11.540483048984,-0.323645513284136,7
1969,11.3890583515167,-0.475070210751391,7
1970,11.3427294322423,-0.521399130025863,7
1971,10.7318995850427,-1.13222897722544,7
1972,11.3774076529912,-0.486720909276953,7
1973,11.5920849187034,-0.272043643564762,7
1974,11.3970979281834,-0.467030634084704,7
1975,11.243363073894,-0.620765488374157,7
1976,11.1267367090498,-0.737391853218353,7
1977,11.6366580554417,-0.227470506826404,7
1978,12.2922778470176,0.428149284749441,7
1979,11.8755671977997,0.0114386355315616,7
1980,12.0313426428571,0.167214080589027,7
1981,11.8230538571429,-0.0410747051252587,7
1982,11.3160545357143,-0.54807402655383,7
1983,12.8505604642857,0.986431902017598,7
1984,11.4281222857143,-0.43600627655383,7
1985,11.7059587142857,-0.158169847982402,7
1986,11.84208275,-0.0220458122681159,7
1987,12.0379391785714,0.173810616303313,7
1988,11.8831460714286,0.0190175091604555,7
1989,12.4161192142857,0.551990652017598,7
1990,12.3466597857143,0.48253122344617,7
1991,11.7161759285714,-0.147952633696687,7
1992,13.0729775,1.20884893773188,7
1993,12.8549059285714,0.990777366303313,7
1994,12.5036284642857,0.639499902017598,7
1995,12.9392279642857,1.0750994020176,7
1996,11.9836235357143,0.11949497344617,7
1997,12.94241625,1.07828768773188,7
1998,12.976925,1.11279643773188,7
1999,11.2508993571429,-0.613229205125259,7
2000,12.3161043928571,0.451975830589027,7
2001,11.5436234642857,-0.320505097982402,7
2002,11.5603755357143,-0.30375302655383,7
2003,12.6575794285714,0.793450866303312,7
2004,13.1624466785714,1.29831811630331,7
2005,12.9803523928571,1.11622383058903,7
2006,12.0542476071429,0.190119044874741,7
2007,11.8347709285714,-0.0293576336966872,7
2008,10.6401407857143,-1.22398777655383,7
2009,11.2575493214286,-0.606579240839544,7
2010,11.91492825,0.0507996877318842,7
2011,11.8753702142857,0.0112416520175984,7
2012,11.7948766071429,-0.0692519551252588,7
2013,12.22693925,0.362810687731884,7
2014,12.3743191785714,0.510190616303313,7
2015,13.3534503571429,1.48932179487474,7
2016,13.3844782142857,1.5203496520176,7
1950,10.4996659415109,-1.36446262075723,2
1951,11.1057878562382,-0.75834070602989,2
1952,11.2297064917428,-0.634422070525306,2
1953,11.7735470363072,-0.0905815259609127,2
1954,11.2220627239772,-0.642065838290889,2
1955,10.8908667564392,-0.97326180582891,2
1956,11.8710631643023,0.00693460203416039,2
1957,12.3478749820164,0.483746419748309,2
1958,13.2306014469692,1.36647288470105,2
1959,11.9623036384583,0.0981750761901417,2
1960,11.8328381947109,-0.031290367557236,2
1961,12.305883373533,0.441754811264858,2
1962,11.8123912811279,-0.0517372811401919,2
1963,12.5906221185412,0.726493556273054,2
1964,11.2862903390612,-0.57783822320692,2
1965,10.9103071689606,-0.953821393307551,2
1966,11.7131859234401,-0.150942638828004,2
1967,11.7375418458666,-0.126586716401494,2
1968,11.540483048984,-0.323645513284136,2
1969,11.3890583515167,-0.475070210751391,2
1970,11.3427294322423,-0.521399130025863,2
1971,10.7318995850427,-1.13222897722544,2
1972,11.3774076529912,-0.486720909276953,2
1973,11.5920849187034,-0.272043643564762,2
1974,11.3970979281834,-0.467030634084704,2
1975,11.243363073894,-0.620765488374157,2
1976,11.1267367090498,-0.737391853218353,2
1977,11.6366580554417,-0.227470506826404,2
1978,12.2922778470176,0.428149284749441,2
1979,11.8755671977997,0.0114386355315616,2
1980,12.0313426428571,0.167214080589027,2
1981,11.8230538571429,-0.0410747051252587,2
1982,11.3160545357143,-0.54807402655383,2
1983,12.8505604642857,0.986431902017598,2
1984,11.4281222857143,-0.43600627655383,2
1985,11.7059587142857,-0.158169847982402,2
1986,11.84208275,-0.0220458122681159,2
1987,12.0379391785714,0.173810616303313,2
1988,11.8831460714286,0.0190175091604555,2
1989,12.4161192142857,0.551990652017598,2
1990,12.3466597857143,0.48253122344617,2
1991,11.7161759285714,-0.147952633696687,2
1992,13.0729775,1.20884893773188,2
1993,12.8549059285714,0.990777366303313,2
1994,12.5036284642857,0.639499902017598,2
1995,12.9392279642857,1.0750994020176,2
1996,11.9836235357143,0.11949497344617,2
1997,12.94241625,1.07828768773188,2
1998,12.976925,1.11279643773188,2
1999,11.2508993571429,-0.613229205125259,2
2000,12.3161043928571,0.451975830589027,2
2001,11.5436234642857,-0.320505097982402,2
2002,11.5603755357143,-0.30375302655383,2
2003,12.6575794285714,0.793450866303312,2
2004,13.1624466785714,1.29831811630331,2
2005,12.9803523928571,1.11622383058903,2
2006,12.0542476071429,0.190119044874741,2
2007,11.8347709285714,-0.0293576336966872,2
2008,10.6401407857143,-1.22398777655383,2
2009,11.2575493214286,-0.606579240839544,2
2010,11.91492825,0.0507996877318842,2
2011,11.8753702142857,0.0112416520175984,2
2012,11.7948766071429,-0.0692519551252588,2
2013,12.22693925,0.362810687731884,2
2014,12.3743191785714,0.510190616303313,2
2015,13.3534503571429,1.48932179487474,2
2016,13.3844782142857,1.5203496520176,2
1950,10.4996659415109,-1.36446262075723,6
1951,11.1057878562382,-0.75834070602989,6
1952,11.2297064917428,-0.634422070525306,6
1953,11.7735470363072,-0.0905815259609127,6
1954,11.2220627239772,-0.642065838290889,6
1955,10.8908667564392,-0.97326180582891,6
1956,11.8710631643023,0.00693460203416039,6
1957,12.3478749820164,0.483746419748309,6
1958,13.2306014469692,1.36647288470105,6
1959,11.9623036384583,0.0981750761901417,6
1960,11.8328381947109,-0.031290367557236,6
1961,12.305883373533,0.441754811264858,6
1962,11.8123912811279,-0.0517372811401919,6
1963,12.5906221185412,0.726493556273054,6
1964,11.2862903390612,-0.57783822320692,6
1965,10.9103071689606,-0.953821393307551,6
1966,11.7131859234401,-0.150942638828004,6
1967,11.7375418458666,-0.126586716401494,6
1968,11.540483048984,-0.323645513284136,6
1969,11.3890583515167,-0.475070210751391,6
1970,11.3427294322423,-0.521399130025863,6
1971,10.7318995850427,-1.13222897722544,6
1972,11.3774076529912,-0.486720909276953,6
1973,11.5920849187034,-0.272043643564762,6
1974,11.3970979281834,-0.467030634084704,6
1975,11.243363073894,-0.620765488374157,6
1976,11.1267367090498,-0.737391853218353,6
1977,11.6366580554417,-0.227470506826404,6
1978,12.2922778470176,0.428149284749441,6
1979,11.8755671977997,0.0114386355315616,6
1980,12.0313426428571,0.167214080589027,6
1981,11.8230538571429,-0.0410747051252587,6
1982,11.3160545357143,-0.54807402655383,6
1983,12.8505604642857,0.986431902017598,6
1984,11.4281222857143,-0.43600627655383,6
1985,11.7059587142857,-0.158169847982402,6
1986,11.84208275,-0.0220458122681159,6
1987,12.0379391785714,0.173810616303313,6
1988,11.8831460714286,0.0190175091604555,6
1989,12.4161192142857,0.551990652017598,6
1990,12.3466597857143,0.48253122344617,6
1991,11.7161759285714,-0.147952633696687,6
1992,13.0729775,1.20884893773188,6
1993,12.8549059285714,0.990777366303313,6
1994,12.5036284642857,0.639499902017598,6
1995,12.9392279642857,1.0750994020176,6
1996,11.9836235357143,0.11949497344617,6
1997,12.94241625,1.07828768773188,6
1998,12.976925,1.11279643773188,6
1999,11.2508993571429,-0.613229205125259,6
2000,12.3161043928571,0.451975830589027,6
2001,11.5436234642857,-0.320505097982402,6
2002,11.5603755357143,-0.30375302655383,6
2003,12.6575794285714,0.793450866303312,6
2004,13.1624466785714,1.29831811630331,6
2005,12.9803523928571,1.11622383058903,6
2006,12.0542476071429,0.190119044874741,6
2007,11.8347709285714,-0.0293576336966872,6
2008,10.6401407857143,-1.22398777655383,6
2009,11.2575493214286,-0.606579240839544,6
2010,11.91492825,0.0507996877318842,6
2011,11.8753702142857,0.0112416520175984,6
2012,11.7948766071429,-0.0692519551252588,6
2013,12.22693925,0.362810687731884,6
2014,12.3743191785714,0.510190616303313,6
2015,13.3534503571429,1.48932179487474,6
2016,13.3844782142857,1.5203496520176,6
1950,10.4996659415109,-1.36446262075723,3
1951,11.1057878562382,-0.75834070602989,3
1952,11.2297064917428,-0.634422070525306,3
1953,11.7735470363072,-0.0905815259609127,3
1954,11.2220627239772,-0.642065838290889,3
1955,10.8908667564392,-0.97326180582891,3
1956,11.8710631643023,0.00693460203416039,3
1957,12.3478749820164,0.483746419748309,3
1958,13.2306014469692,1.36647288470105,3
1959,11.9623036384583,0.0981750761901417,3
1960,11.8328381947109,-0.031290367557236,3
1961,12.305883373533,0.441754811264858,3
1962,11.8123912811279,-0.0517372811401919,3
1963,12.5906221185412,0.726493556273054,3
1964,11.2862903390612,-0.57783822320692,3
1965,10.9103071689606,-0.953821393307551,3
1966,11.7131859234401,-0.150942638828004,3
1967,11.7375418458666,-0.126586716401494,3
1968,11.540483048984,-0.323645513284136,3
1969,11.3890583515167,-0.475070210751391,3
1970,11.3427294322423,-0.521399130025863,3
1971,10.7318995850427,-1.13222897722544,3
1972,11.3774076529912,-0.486720909276953,3
1973,11.5920849187034,-0.272043643564762,3
1974,11.3970979281834,-0.467030634084704,3
1975,11.243363073894,-0.620765488374157,3
1976,11.1267367090498,-0.737391853218353,3
1977,11.6366580554417,-0.227470506826404,3
1978,12.2922778470176,0.428149284749441,3
1979,11.8755671977997,0.0114386355315616,3
1980,12.0313426428571,0.167214080589027,3
1981,11.8230538571429,-0.0410747051252587,3
1982,11.3160545357143,-0.54807402655383,3
1983,12.8505604642857,0.986431902017598,3
1984,11.4281222857143,-0.43600627655383,3
1985,11.7059587142857,-0.158169847982402,3
1986,11.84208275,-0.0220458122681159,3
1987,12.0379391785714,0.173810616303313,3
1988,11.8831460714286,0.0190175091604555,3
1989,12.4161192142857,0.551990652017598,3
1990,12.3466597857143,0.48253122344617,3
1991,11.7161759285714,-0.147952633696687,3
1992,13.0729775,1.20884893773188,3
1993,12.8549059285714,0.990777366303313,3
1994,12.5036284642857,0.639499902017598,3
1995,12.9392279642857,1.0750994020176,3
1996,11.9836235357143,0.11949497344617,3
1997,12.94241625,1.07828768773188,3
1998,12.976925,1.11279643773188,3
1999,11.2508993571429,-0.613229205125259,3
2000,12.3161043928571,0.451975830589027,3
2001,11.5436234642857,-0.320505097982402,3
2002,11.5603755357143,-0.30375302655383,3
2003,12.6575794285714,0.793450866303312,3
2004,13.1624466785714,1.29831811630331,3
2005,12.9803523928571,1.11622383058903,3
2006,12.0542476071429,0.190119044874741,3
2007,11.8347709285714,-0.0293576336966872,3
2008,10.6401407857143,-1.22398777655383,3
2009,11.2575493214286,-0.606579240839544,3
2010,11.91492825,0.0507996877318842,3
2011,11.8753702142857,0.0112416520175984,3
2012,11.7948766071429,-0.0692519551252588,3
2013,12.22693925,0.362810687731884,3
2014,12.3743191785714,0.510190616303313,3
2015,13.3534503571429,1.48932179487474,3
2016,13.3844782142857,1.5203496520176,3
1950,10.4996659415109,-1.36446262075723,10
1951,11.1057878562382,-0.75834070602989,10
1952,11.2297064917428,-0.634422070525306,10
1953,11.7735470363072,-0.0905815259609127,10
1954,11.2220627239772,-0.642065838290889,10
1955,10.8908667564392,-0.97326180582891,10
1956,11.8710631643023,0.00693460203416039,10
1957,12.3478749820164,0.483746419748309,10
1958,13.2306014469692,1.36647288470105,10
1959,11.9623036384583,0.0981750761901417,10
1960,11.8328381947109,-0.031290367557236,10
1961,12.305883373533,0.441754811264858,10
1962,11.8123912811279,-0.0517372811401919,10
1963,12.5906221185412,0.726493556273054,10
1964,11.2862903390612,-0.57783822320692,10
1965,10.9103071689606,-0.953821393307551,10
1966,11.7131859234401,-0.150942638828004,10
1967,11.7375418458666,-0.126586716401494,10
1968,11.540483048984,-0.323645513284136,10
1969,11.3890583515167,-0.475070210751391,10
1970,11.3427294322423,-0.521399130025863,10
1971,10.7318995850427,-1.13222897722544,10
1972,11.3774076529912,-0.486720909276953,10
1973,11.5920849187034,-0.272043643564762,10
1974,11.3970979281834,-0.467030634084704,10
1975,11.243363073894,-0.620765488374157,10
1976,11.1267367090498,-0.737391853218353,10
1977,11.6366580554417,-0.227470506826404,10
1978,12.2922778470176,0.428149284749441,10
1979,11.8755671977997,0.0114386355315616,10
1980,12.0313426428571,0.167214080589027,10
1981,11.8230538571429,-0.0410747051252587,10
1982,11.3160545357143,-0.54807402655383,10
1983,12.8505604642857,0.986431902017598,10
1984,11.4281222857143,-0.43600627655383,10
1985,11.7059587142857,-0.158169847982402,10
1986,11.84208275,-0.0220458122681159,10
1987,12.0379391785714,0.173810616303313,10
1988,11.8831460714286,0.0190175091604555,10
1989,12.4161192142857,0.551990652017598,10
1990,12.3466597857143,0.48253122344617,10
1991,11.7161759285714,-0.147952633696687,10
1992,13.0729775,1.20884893773188,10
1993,12.8549059285714,0.990777366303313,10
1994,12.5036284642857,0.639499902017598,10
1995,12.9392279642857,1.0750994020176,10
1996,11.9836235357143,0.11949497344617,10
1997,12.94241625,1.07828768773188,10
1998,12.976925,1.11279643773188,10
1999,11.2508993571429,-0.613229205125259,10
2000,12.3161043928571,0.451975830589027,10
2001,11.5436234642857,-0.320505097982402,10
2002,11.5603755357143,-0.30375302655383,10
2003,12.6575794285714,0.793450866303312,10
2004,13.1624466785714,1.29831811630331,10
2005,12.9803523928571,1.11622383058903,10
2006,12.0542476071429,0.190119044874741,10
2007,11.8347709285714,-0.0293576336966872,10
2008,10.6401407857143,-1.22398777655383,10
2009,11.2575493214286,-0.606579240839544,10
2010,11.91492825,0.0507996877318842,10
2011,11.8753702142857,0.0112416520175984,10
2012,11.7948766071429,-0.0692519551252588,10
2013,12.22693925,0.362810687731884,10
2014,12.3743191785714,0.510190616303313,10
2015,13.3534503571429,1.48932179487474,10
2016,13.3844782142857,1.5203496520176,10
1950,10.4996659415109,-1.36446262075723,11
1951,11.1057878562382,-0.75834070602989,11
1952,11.2297064917428,-0.634422070525306,11
1953,11.7735470363072,-0.0905815259609127,11
1954,11.2220627239772,-0.642065838290889,11
1955,10.8908667564392,-0.97326180582891,11
1956,11.8710631643023,0.00693460203416039,11
1957,12.3478749820164,0.483746419748309,11
1958,13.2306014469692,1.36647288470105,11
1959,11.9623036384583,0.0981750761901417,11
1960,11.8328381947109,-0.031290367557236,11
1961,12.305883373533,0.441754811264858,11
1962,11.8123912811279,-0.0517372811401919,11
1963,12.5906221185412,0.726493556273054,11
1964,11.2862903390612,-0.57783822320692,11
1965,10.9103071689606,-0.953821393307551,11
1966,11.7131859234401,-0.150942638828004,11
1967,11.7375418458666,-0.126586716401494,11
1968,11.540483048984,-0.323645513284136,11
1969,11.3890583515167,-0.475070210751391,11
1970,11.3427294322423,-0.521399130025863,11
1971,10.7318995850427,-1.13222897722544,11
1972,11.3774076529912,-0.486720909276953,11
1973,11.5920849187034,-0.272043643564762,11
1974,11.3970979281834,-0.467030634084704,11
1975,11.243363073894,-0.620765488374157,11
1976,11.1267367090498,-0.737391853218353,11
1977,11.6366580554417,-0.227470506826404,11
1978,12.2922778470176,0.428149284749441,11
1979,11.8755671977997,0.0114386355315616,11
1980,12.0313426428571,0.167214080589027,11
1981,11.8230538571429,-0.0410747051252587,11
1982,11.3160545357143,-0.54807402655383,11
1983,12.8505604642857,0.986431902017598,11
1984,11.4281222857143,-0.43600627655383,11
1985,11.7059587142857,-0.158169847982402,11
1986,11.84208275,-0.0220458122681159,11
1987,12.0379391785714,0.173810616303313,11
1988,11.8831460714286,0.0190175091604555,11
1989,12.4161192142857,0.551990652017598,11
1990,12.3466597857143,0.48253122344617,11
1991,11.7161759285714,-0.147952633696687,11
1992,13.0729775,1.20884893773188,11
1993,12.8549059285714,0.990777366303313,11
1994,12.5036284642857,0.639499902017598,11
1995,12.9392279642857,1.0750994020176,11
1996,11.9836235357143,0.11949497344617,11
1997,12.94241625,1.07828768773188,11
1998,12.976925,1.11279643773188,11
1999,11.2508993571429,-0.613229205125259,11
2000,12.3161043928571,0.451975830589027,11
2001,11.5436234642857,-0.320505097982402,11
2002,11.5603755357143,-0.30375302655383,11
2003,12.6575794285714,0.793450866303312,11
2004,13.1624466785714,1.29831811630331,11
2005,12.9803523928571,1.11622383058903,11
2006,12.0542476071429,0.190119044874741,11
2007,11.8347709285714,-0.0293576336966872,11
2008,10.6401407857143,-1.22398777655383,11
2009,11.2575493214286,-0.606579240839544,11
2010,11.91492825,0.0507996877318842,11
2011,11.8753702142857,0.0112416520175984,11
2012,11.7948766071429,-0.0692519551252588,11
2013,12.22693925,0.362810687731884,11
2014,12.3743191785714,0.510190616303313,11
2015,13.3534503571429,1.48932179487474,11
2016,13.3844782142857,1.5203496520176,11
1950,10.4996659415109,-1.36446262075723,19
1951,11.1057878562382,-0.75834070602989,19
1952,11.2297064917428,-0.634422070525306,19
1953,11.7735470363072,-0.0905815259609127,19
1954,11.2220627239772,-0.642065838290889,19
1955,10.8908667564392,-0.97326180582891,19
1956,11.8710631643023,0.00693460203416039,19
1957,12.3478749820164,0.483746419748309,19
1958,13.2306014469692,1.36647288470105,19
1959,11.9623036384583,0.0981750761901417,19
1960,11.8328381947109,-0.031290367557236,19
1961,12.305883373533,0.441754811264858,19
1962,11.8123912811279,-0.0517372811401919,19
1963,12.5906221185412,0.726493556273054,19
1964,11.2862903390612,-0.57783822320692,19
1965,10.9103071689606,-0.953821393307551,19
1966,11.7131859234401,-0.150942638828004,19
1967,11.7375418458666,-0.126586716401494,19
1968,11.540483048984,-0.323645513284136,19
1969,11.3890583515167,-0.475070210751391,19
1970,11.3427294322423,-0.521399130025863,19
1971,10.7318995850427,-1.13222897722544,19
1972,11.3774076529912,-0.486720909276953,19
1973,11.5920849187034,-0.272043643564762,19
1974,11.3970979281834,-0.467030634084704,19
1975,11.243363073894,-0.620765488374157,19
1976,11.1267367090498,-0.737391853218353,19
1977,11.6366580554417,-0.227470506826404,19
1978,12.2922778470176,0.428149284749441,19
1979,11.8755671977997,0.0114386355315616,19
1980,12.0313426428571,0.167214080589027,19
1981,11.8230538571429,-0.0410747051252587,19
1982,11.3160545357143,-0.54807402655383,19
1983,12.8505604642857,0.986431902017598,19
1984,11.4281222857143,-0.43600627655383,19
1985,11.7059587142857,-0.158169847982402,19
1986,11.84208275,-0.0220458122681159,19
1987,12.0379391785714,0.173810616303313,19
1988,11.8831460714286,0.0190175091604555,19
1989,12.4161192142857,0.551990652017598,19
1990,12.3466597857143,0.48253122344617,19
1991,11.7161759285714,-0.147952633696687,19
1992,13.0729775,1.20884893773188,19
1993,12.8549059285714,0.990777366303313,19
1994,12.5036284642857,0.639499902017598,19
1995,12.9392279642857,1.0750994020176,19
1996,11.9836235357143,0.11949497344617,19
1997,12.94241625,1.07828768773188,19
1998,12.976925,1.11279643773188,19
1999,11.2508993571429,-0.613229205125259,19
2000,12.3161043928571,0.451975830589027,19
2001,11.5436234642857,-0.320505097982402,19
2002,11.5603755357143,-0.30375302655383,19
2003,12.6575794285714,0.793450866303312,19
2004,13.1624466785714,1.29831811630331,19
2005,12.9803523928571,1.11622383058903,19
2006,12.0542476071429,0.190119044874741,19
2007,11.8347709285714,-0.0293576336966872,19
2008,10.6401407857143,-1.22398777655383,19
2009,11.2575493214286,-0.606579240839544,19
2010,11.91492825,0.0507996877318842,19
2011,11.8753702142857,0.0112416520175984,19
2012,11.7948766071429,-0.0692519551252588,19
2013,12.22693925,0.362810687731884,19
2014,12.3743191785714,0.510190616303313,19
2015,13.3534503571429,1.48932179487474,19
2016,13.3844782142857,1.5203496520176,19
1950,10.4996659415109,-1.36446262075723,9
1951,11.1057878562382,-0.75834070602989,9
1952,11.2297064917428,-0.634422070525306,9
1953,11.7735470363072,-0.0905815259609127,9
1954,11.2220627239772,-0.642065838290889,9
1955,10.8908667564392,-0.97326180582891,9
1956,11.8710631643023,0.00693460203416039,9
1957,12.3478749820164,0.483746419748309,9
1958,13.2306014469692,1.36647288470105,9
1959,11.9623036384583,0.0981750761901417,9
1960,11.8328381947109,-0.031290367557236,9
1961,12.305883373533,0.441754811264858,9
1962,11.8123912811279,-0.0517372811401919,9
1963,12.5906221185412,0.726493556273054,9
1964,11.2862903390612,-0.57783822320692,9
1965,10.9103071689606,-0.953821393307551,9
1966,11.7131859234401,-0.150942638828004,9
1967,11.7375418458666,-0.126586716401494,9
1968,11.540483048984,-0.323645513284136,9
1969,11.3890583515167,-0.475070210751391,9
1970,11.3427294322423,-0.521399130025863,9
1971,10.7318995850427,-1.13222897722544,9
1972,11.3774076529912,-0.486720909276953,9
1973,11.5920849187034,-0.272043643564762,9
1974,11.3970979281834,-0.467030634084704,9
1975,11.243363073894,-0.620765488374157,9
1976,11.1267367090498,-0.737391853218353,9
1977,11.6366580554417,-0.227470506826404,9
1978,12.2922778470176,0.428149284749441,9
1979,11.8755671977997,0.0114386355315616,9
1980,12.0313426428571,0.167214080589027,9
1981,11.8230538571429,-0.0410747051252587,9
1982,11.3160545357143,-0.54807402655383,9
1983,12.8505604642857,0.986431902017598,9
1984,11.4281222857143,-0.43600627655383,9
1985,11.7059587142857,-0.158169847982402,9
1986,11.84208275,-0.0220458122681159,9
1987,12.0379391785714,0.173810616303313,9
1988,11.8831460714286,0.0190175091604555,9
1989,12.4161192142857,0.551990652017598,9
1990,12.3466597857143,0.48253122344617,9
1991,11.7161759285714,-0.147952633696687,9
1992,13.0729775,1.20884893773188,9
1993,12.8549059285714,0.990777366303313,9
1994,12.5036284642857,0.639499902017598,9
1995,12.9392279642857,1.0750994020176,9
1996,11.9836235357143,0.11949497344617,9
1997,12.94241625,1.07828768773188,9
1998,12.976925,1.11279643773188,9
1999,11.2508993571429,-0.613229205125259,9
2000,12.3161043928571,0.451975830589027,9
2001,11.5436234642857,-0.320505097982402,9
2002,11.5603755357143,-0.30375302655383,9
2003,12.6575794285714,0.793450866303312,9
2004,13.1624466785714,1.29831811630331,9
2005,12.9803523928571,1.11622383058903,9
2006,12.0542476071429,0.190119044874741,9
2007,11.8347709285714,-0.0293576336966872,9
2008,10.6401407857143,-1.22398777655383,9
2009,11.2575493214286,-0.606579240839544,9
2010,11.91492825,0.0507996877318842,9
2011,11.8753702142857,0.0112416520175984,9
2012,11.7948766071429,-0.0692519551252588,9
2013,12.22693925,0.362810687731884,9
2014,12.3743191785714,0.510190616303313,9
2015,13.3534503571429,1.48932179487474,9
2016,13.3844782142857,1.5203496520176,9
1950,10.4996659415109,-1.36446262075723,12
1951,11.1057878562382,-0.75834070602989,12
1952,11.2297064917428,-0.634422070525306,12
1953,11.7735470363072,-0.0905815259609127,12
1954,11.2220627239772,-0.642065838290889,12
1955,10.8908667564392,-0.97326180582891,12
1956,11.8710631643023,0.00693460203416039,12
1957,12.3478749820164,0.483746419748309,12
1958,13.2306014469692,1.36647288470105,12
1959,11.9623036384583,0.0981750761901417,12
1960,11.8328381947109,-0.031290367557236,12
1961,12.305883373533,0.441754811264858,12
1962,11.8123912811279,-0.0517372811401919,12
1963,12.5906221185412,0.726493556273054,12
1964,11.2862903390612,-0.57783822320692,12
1965,10.9103071689606,-0.953821393307551,12
1966,11.7131859234401,-0.150942638828004,12
1967,11.7375418458666,-0.126586716401494,12
1968,11.540483048984,-0.323645513284136,12
1969,11.3890583515167,-0.475070210751391,12
1970,11.3427294322423,-0.521399130025863,12
1971,10.7318995850427,-1.13222897722544,12
1972,11.3774076529912,-0.486720909276953,12
1973,11.5920849187034,-0.272043643564762,12
1974,11.3970979281834,-0.467030634084704,12
1975,11.243363073894,-0.620765488374157,12
1976,11.1267367090498,-0.737391853218353,12
1977,11.6366580554417,-0.227470506826404,12
1978,12.2922778470176,0.428149284749441,12
1979,11.8755671977997,0.0114386355315616,12
1980,12.0313426428571,0.167214080589027,12
1981,11.8230538571429,-0.0410747051252587,12
1982,11.3160545357143,-0.54807402655383,12
1983,12.8505604642857,0.986431902017598,12
1984,11.4281222857143,-0.43600627655383,12
1985,11.7059587142857,-0.158169847982402,12
1986,11.84208275,-0.0220458122681159,12
1987,12.0379391785714,0.173810616303313,12
1988,11.8831460714286,0.0190175091604555,12
1989,12.4161192142857,0.551990652017598,12
1990,12.3466597857143,0.48253122344617,12
1991,11.7161759285714,-0.147952633696687,12
1992,13.0729775,1.20884893773188,12
1993,12.8549059285714,0.990777366303313,12
1994,12.5036284642857,0.639499902017598,12
1995,12.9392279642857,1.0750994020176,12
1996,11.9836235357143,0.11949497344617,12
1997,12.94241625,1.07828768773188,12
1998,12.976925,1.11279643773188,12
1999,11.2508993571429,-0.613229205125259,12
2000,12.3161043928571,0.451975830589027,12
2001,11.5436234642857,-0.320505097982402,12
2002,11.5603755357143,-0.30375302655383,12
2003,12.6575794285714,0.793450866303312,12
2004,13.1624466785714,1.29831811630331,12
2005,12.9803523928571,1.11622383058903,12
2006,12.0542476071429,0.190119044874741,12
2007,11.8347709285714,-0.0293576336966872,12
2008,10.6401407857143,-1.22398777655383,12
2009,11.2575493214286,-0.606579240839544,12
2010,11.91492825,0.0507996877318842,12
2011,11.8753702142857,0.0112416520175984,12
2012,11.7948766071429,-0.0692519551252588,12
2013,12.22693925,0.362810687731884,12
2014,12.3743191785714,0.510190616303313,12
2015,13.3534503571429,1.48932179487474,12
2016,13.3844782142857,1.5203496520176,12
1950,10.4996659415109,-1.36446262075723,13
1951,11.1057878562382,-0.75834070602989,13
1952,11.2297064917428,-0.634422070525306,13
1953,11.7735470363072,-0.0905815259609127,13
1954,11.2220627239772,-0.642065838290889,13
1955,10.8908667564392,-0.97326180582891,13
1956,11.8710631643023,0.00693460203416039,13
1957,12.3478749820164,0.483746419748309,13
1958,13.2306014469692,1.36647288470105,13
1959,11.9623036384583,0.0981750761901417,13
1960,11.8328381947109,-0.031290367557236,13
1961,12.305883373533,0.441754811264858,13
1962,11.8123912811279,-0.0517372811401919,13
1963,12.5906221185412,0.726493556273054,13
1964,11.2862903390612,-0.57783822320692,13
1965,10.9103071689606,-0.953821393307551,13
1966,11.7131859234401,-0.150942638828004,13
1967,11.7375418458666,-0.126586716401494,13
1968,11.540483048984,-0.323645513284136,13
1969,11.3890583515167,-0.475070210751391,13
1970,11.3427294322423,-0.521399130025863,13
1971,10.7318995850427,-1.13222897722544,13
1972,11.3774076529912,-0.486720909276953,13
1973,11.5920849187034,-0.272043643564762,13
1974,11.3970979281834,-0.467030634084704,13
1975,11.243363073894,-0.620765488374157,13
1976,11.1267367090498,-0.737391853218353,13
1977,11.6366580554417,-0.227470506826404,13
1978,12.2922778470176,0.428149284749441,13
1979,11.8755671977997,0.0114386355315616,13
1980,12.0313426428571,0.167214080589027,13
1981,11.8230538571429,-0.0410747051252587,13
1982,11.3160545357143,-0.54807402655383,13
1983,12.8505604642857,0.986431902017598,13
1984,11.4281222857143,-0.43600627655383,13
1985,11.7059587142857,-0.158169847982402,13
1986,11.84208275,-0.0220458122681159,13
1987,12.0379391785714,0.173810616303313,13
1988,11.8831460714286,0.0190175091604555,13
1989,12.4161192142857,0.551990652017598,13
1990,12.3466597857143,0.48253122344617,13
1991,11.7161759285714,-0.147952633696687,13
1992,13.0729775,1.20884893773188,13
1993,12.8549059285714,0.990777366303313,13
1994,12.5036284642857,0.639499902017598,13
1995,12.9392279642857,1.0750994020176,13
1996,11.9836235357143,0.11949497344617,13
1997,12.94241625,1.07828768773188,13
1998,12.976925,1.11279643773188,13
1999,11.2508993571429,-0.613229205125259,13
2000,12.3161043928571,0.451975830589027,13
2001,11.5436234642857,-0.320505097982402,13
2002,11.5603755357143,-0.30375302655383,13
2003,12.6575794285714,0.793450866303312,13
2004,13.1624466785714,1.29831811630331,13
2005,12.9803523928571,1.11622383058903,13
2006,12.0542476071429,0.190119044874741,13
2007,11.8347709285714,-0.0293576336966872,13
2008,10.6401407857143,-1.22398777655383,13
2009,11.2575493214286,-0.606579240839544,13
2010,11.91492825,0.0507996877318842,13
2011,11.8753702142857,0.0112416520175984,13
2012,11.7948766071429,-0.0692519551252588,13
2013,12.22693925,0.362810687731884,13
2014,12.3743191785714,0.510190616303313,13
2015,13.3534503571429,1.48932179487474,13
2016,13.3844782142857,1.5203496520176,13
